

Play:1
Positions:WR1,TE,QB,LT,LG,C,RG,RT,WR2,RB1,RB2
LineUp:-10.0, 0.0, -6.0, 0.0, 0.0, -1.0, -3.0, 0.0, -1.5, 0.0, 0.0, 0.0, 1.5, 0.0, 3.0, 0.0, 10.0, 0.0, -1.0, -3.0, 1.0, -3.0
Goto:-14.1, 1.7,-7.6, 4.2,0.0, -1.0,-3.1, 3.7,-.5, 4.0,1.4, 3.6,1.5, 0.0,3.0, 0.0,18.5, 0.6,-1.0, -3.0,1.0, -3.0
Goto:-14.1, 1.7,-7.6, 4.2,4.3, -3.3,-3.1, 3.7,-.5, 4.0,1.7, 7.9,1.5, 0.0,7.6, 0.0,18.7, 5.3,-1.0, -3.0,1.0, -3.0

Play:2
Positions:WR1,TE,QB,LT,LG,C,RG,RT,WR2,RB1,RB2
LineUp:-10.0, 0.0, -6.0, 0.0, 0.0, -1.0, -3.0, 0.0, -1.5, 0.0, 0.0, 0.0, 1.8, 0.3, 4.2, 0.5, 15.2, 0.1, -1.0, -3.0, 1.0, -3.0
Goto:-9.8, 7.8,-3.4, 8.3,0.0, -1.0,-3.0, 0.0,-1.5, 0.0,0.0, 0.0,1.8, 0.3,4.2, 0.5,15.2, 0.1,-7.7, -5.3,6.9, -6.2



Play:1
Positions:WR1,TE,QB,LT,LG,C,RG,RT,WR2,RB1,RB2
LineUp:-10.0, 0.0, -6.0, 0.0, 0.0, -1.0, -3.0, 0.0, -1.5, 0.0, 0.0, 0.0, 1.5, 0.0, 3.0, 0.0, 10.0, 0.0, -1.0, -3.0, 1.0, -3.0
Goto:-14.1, 1.7,-7.6, 4.2,0.0, -1.0,-3.1, 3.7,-.5, 4.0,1.4, 3.6,1.5, 0.0,3.0, 0.0,18.5, 0.6,-1.0, -3.0,1.0, -3.0
Goto:-14.1, 1.7,-7.6, 4.2,4.3, -3.3,-3.1, 3.7,-.5, 4.0,1.7, 7.9,1.5, 0.0,7.6, 0.0,18.7, 5.3,-1.0, -3.0,1.0, -3.0

Play:2
Positions:WR1,TE,QB,LT,LG,C,RG,RT,WR2,RB1,RB2
LineUp:-10.0, 0.0, -6.0, 0.0, 0.0, -1.0, -3.0, 0.0, -1.5, 0.0, 0.0, 0.0, 1.8, 0.3, 4.2, 0.5, 15.2, 0.1, -1.0, -3.0, 1.0, -3.0
Goto:-9.8, 7.8,-3.4, 8.3,0.0, -1.0,-3.0, 0.0,-1.5, 0.0,0.0, 0.0,1.8, 0.3,4.2, 0.5,15.2, 0.1,-7.7, -5.3,6.9, -6.2



